function [ out_im ] = steerablePyramid( im )
%% Hard coded filter matrices
 H0 = ...
[ 0.001442 , -0.0007801, -0.001878 , -0.0001538,  0.001893 ,  0.00171 ,  0.0008252,  0.0009354,  0.001205 ,  0.0009354,  0.0008252,  0.00171 ,  0.001893 , -0.0001538, -0.001878 , -0.0007801,  0.001442 ;
 -0.0007801,  0.0001039,  0.001319 ,  0.0006535, -0.001211 , -0.002221, -0.002332 , -0.002008 , -0.001773 , -0.002008 , -0.002332 , -0.002221, -0.001211 ,  0.0006535,  0.001319 ,  0.0001039, -0.0007801;
 -0.001878 ,  0.001319 ,  0.002019 , -0.0001533, -0.001903 , -0.001488, -0.0002493,  0.0001507,  0.0001271,  0.0001507, -0.0002493, -0.001488, -0.001903 , -0.0001533,  0.002019 ,  0.001319 , -0.001878 ;
 -0.0001538,  0.0006535, -0.0001533, -0.001087 , -0.0008719,  0.002463,  0.006054 ,  0.005629 ,  0.004467 ,  0.005629 ,  0.006054 ,  0.002463, -0.0008719, -0.001087 , -0.0001533,  0.0006535, -0.0001538;
  0.001893 , -0.001211 , -0.001903 , -0.0008719,  0.002431 ,  0.004563, -0.001195 , -0.00956  , -0.01276  , -0.00956  , -0.001195 ,  0.004563,  0.002431 , -0.0008719, -0.001903 , -0.001211 ,  0.001893 ;
  0.00171  , -0.002221 , -0.001488 ,  0.002463 ,  0.004563 , -0.007841, -0.01544  , -0.002709 ,  0.006149 , -0.002709 , -0.01544  , -0.007841,  0.004563 ,  0.002463 , -0.001488 , -0.002221 ,  0.00171  ;
  0.0008252, -0.002332 , -0.0002493,  0.006054 , -0.001195 , -0.01544 ,  0.01788  ,  0.0453   ,  0.03733  ,  0.0453   ,  0.01788  , -0.01544 , -0.001195 ,  0.006054 , -0.0002493, -0.002332 ,  0.0008252;
  0.0009354, -0.002008 ,  0.0001507,  0.005629 , -0.00956  , -0.002709,  0.0453   , -0.06143  , -0.1903   , -0.06143  ,  0.0453   , -0.002709, -0.00956  ,  0.005629 ,  0.0001507, -0.002008 ,  0.0009354;
  0.001205 , -0.001773 ,  0.0001271,  0.004467 , -0.01276  ,  0.006149,  0.03733  , -0.1903   ,  0.5896   , -0.1903   ,  0.03733  ,  0.006149, -0.01276  ,  0.004467 ,  0.0001271, -0.001773 ,  0.001205 ;
  0.0009354, -0.002008 ,  0.0001507,  0.005629 , -0.00956  , -0.002709,  0.0453   , -0.06143  , -0.1903   , -0.06143  ,  0.0453   , -0.002709, -0.00956  ,  0.005629 ,  0.0001507, -0.002008 ,  0.0009354;
  0.0008252, -0.002332 , -0.0002493,  0.006054 , -0.001195 , -0.01544 ,  0.01788  ,  0.0453   ,  0.03733  ,  0.0453   ,  0.01788  , -0.01544 , -0.001195 ,  0.006054 , -0.0002493, -0.002332 ,  0.0008252;
  0.00171  , -0.002221 , -0.001488 ,  0.002463 ,  0.004563 , -0.007841, -0.01544  , -0.002709 ,  0.006149 , -0.002709 , -0.01544  , -0.007841,  0.004563 ,  0.002463 , -0.001488 , -0.002221 ,  0.00171  ;
  0.001893 , -0.001211 , -0.001903 , -0.0008719,  0.002431 ,  0.004563, -0.001195 , -0.00956  , -0.01276  , -0.00956  , -0.001195 ,  0.004563,  0.002431 , -0.0008719, -0.001903 , -0.001211 ,  0.001893 ;
 -0.0001538,  0.0006535, -0.0001533, -0.001087 , -0.0008719,  0.002463,  0.006054 ,  0.005629 ,  0.004467 ,  0.005629 ,  0.006054 ,  0.002463, -0.0008719, -0.001087 , -0.0001533,  0.0006535, -0.0001538;
 -0.001878 ,  0.001319 ,  0.002019 , -0.0001533, -0.001903 , -0.001488, -0.0002493,  0.0001507,  0.0001271,  0.0001507, -0.0002493, -0.001488, -0.001903 , -0.0001533,  0.002019 ,  0.001319 , -0.001878 ;
 -0.0007801,  0.0001039,  0.001319 ,  0.0006535, -0.001211 , -0.002221, -0.002332 , -0.002008 , -0.001773 , -0.002008 , -0.002332 , -0.002221, -0.001211 ,  0.0006535,  0.001319 ,  0.0001039, -0.0007801;
  0.001442 , -0.0007801, -0.001878 , -0.0001538,  0.001893 ,  0.00171 ,  0.0008252,  0.0009354,  0.001205 ,  0.0009354,  0.0008252,  0.00171 ,  0.001893 , -0.0001538, -0.001878 , -0.0007801,  0.001442 ];

 L0 = ...
[  0.0005885 , -0.001269 ,  0.0006729,  0.0003519,  0.0001239, -0.0004417, -0.0007626,  4.539e-005, -0.0004016,  4.539e-005, -0.0007626, -0.0004417,  0.0001239,  0.0003519,  0.0006729, -0.001269 ,  0.0005885 ;
  -0.001269  ,  0.00221  , -0.0003249, -0.001374 , -0.000351 ,  0.001396 ,  0.001633 ,  0.0001148 ,  0.0001493,  0.0001148 ,  0.001633 ,  0.001396 , -0.000351 , -0.001374 , -0.0003249,  0.00221  , -0.001269  ;
   0.0006729 , -0.0003249, -0.001898 ,  0.002239 ,  0.0006064, -0.002614 , -0.001944 , -0.000533  ,  0.001326 , -0.000533  , -0.001944 , -0.002614 ,  0.0006064,  0.002239 , -0.001898 , -0.0003249,  0.0006729 ;
   0.0003519 , -0.001374 ,  0.002239 , -0.001173 , -0.001963 ,  0.003672 ,  0.004728 ,  0.001394  , -0.001157 ,  0.001394  ,  0.004728 ,  0.003672 , -0.001963 , -0.001173 ,  0.002239 , -0.001374 ,  0.0003519 ;
   0.0001239 , -0.000351 ,  0.0006064, -0.001963 ,  0.004481 , -0.00173  , -0.01139  , -0.006606  , -0.004429 , -0.006606  , -0.01139  , -0.00173  ,  0.004481 , -0.001963 ,  0.0006064, -0.000351 ,  0.0001239 ;
  -0.0004417 ,  0.001396 , -0.002614 ,  0.003672 , -0.00173  , -0.007913 ,  0.01373  ,  0.02436   ,  0.01898  ,  0.02436   ,  0.01373  , -0.007913 , -0.00173  ,  0.003672 , -0.002614 ,  0.001396 , -0.0004417 ;
  -0.0007626 ,  0.001633 , -0.001944 ,  0.004728 , -0.01139  ,  0.01373  ,  0.007779 , -0.04874   , -0.06167  , -0.04874   ,  0.007779 ,  0.01373  , -0.01139  ,  0.004728 , -0.001944 ,  0.001633 , -0.0007626 ;
   4.539e-005,  0.0001148, -0.000533 ,  0.001394 , -0.006606 ,  0.02436  , -0.04874  ,  0.02289   ,  0.1893   ,  0.02289   , -0.04874  ,  0.02436  , -0.006606 ,  0.001394 , -0.000533 ,  0.0001148,  4.539e-005;
  -0.0004016 ,  0.0001493,  0.001326 , -0.001157 , -0.004429 ,  0.01898  , -0.06167  ,  0.1893    ,  0.5236   ,  0.1893    , -0.06167  ,  0.01898  , -0.004429 , -0.001157 ,  0.001326 ,  0.0001493, -0.0004016 ;
   4.539e-005,  0.0001148, -0.000533 ,  0.001394 , -0.006606 ,  0.02436  , -0.04874  ,  0.02289   ,  0.1893   ,  0.02289   , -0.04874  ,  0.02436  , -0.006606 ,  0.001394 , -0.000533 ,  0.0001148,  4.539e-005;
  -0.0007626 ,  0.001633 , -0.001944 ,  0.004728 , -0.01139  ,  0.01373  ,  0.007779 , -0.04874   , -0.06167  , -0.04874   ,  0.007779 ,  0.01373  , -0.01139  ,  0.004728 , -0.001944 ,  0.001633 , -0.0007626 ;
  -0.0004417 ,  0.001396 , -0.002614 ,  0.003672 , -0.00173  , -0.007913 ,  0.01373  ,  0.02436   ,  0.01898  ,  0.02436   ,  0.01373  , -0.007913 , -0.00173  ,  0.003672 , -0.002614 ,  0.001396 , -0.0004417 ;
   0.0001239 , -0.000351 ,  0.0006064, -0.001963 ,  0.004481 , -0.00173  , -0.01139  , -0.006606  , -0.004429 , -0.006606  , -0.01139  , -0.00173  ,  0.004481 , -0.001963 ,  0.0006064, -0.000351 ,  0.0001239 ;
   0.0003519 , -0.001374 ,  0.002239 , -0.001173 , -0.001963 ,  0.003672 ,  0.004728 ,  0.001394  , -0.001157 ,  0.001394  ,  0.004728 ,  0.003672 , -0.001963 , -0.001173 ,  0.002239 , -0.001374 ,  0.0003519 ;
   0.0006729 , -0.0003249, -0.001898 ,  0.002239 ,  0.0006064, -0.002614 , -0.001944 , -0.000533  ,  0.001326 , -0.000533  , -0.001944 , -0.002614 ,  0.0006064,  0.002239 , -0.001898 , -0.0003249,  0.0006729 ;
  -0.001269  ,  0.00221  , -0.0003249, -0.001374 , -0.000351 ,  0.001396 ,  0.001633 ,  0.0001148 ,  0.0001493,  0.0001148 ,  0.001633 ,  0.001396 , -0.000351 , -0.001374 , -0.0003249,  0.00221  , -0.001269  ;
   0.0005885 , -0.001269 ,  0.0006729,  0.0003519,  0.0001239, -0.0004417, -0.0007626,  4.539e-005, -0.0004016,  4.539e-005, -0.0007626, -0.0004417,  0.0001239,  0.0003519,  0.0006729, -0.001269 ,  0.0005885 ];
